0.008133
0.008179
0.008194
0.008148
0.008255
0.008041
0.007919
0.007919
0.008118
0.008163
0.007919
0.007904
0.008148
0.008041
0.007935
0.007919
0.007919
0.008148
0.007965
0.007935
0.007874
0.007874
0.007874
0.007858
0.007889
0.008148
0.007935
0.007919
0.008179
0.008133
0.007919
0.007965
0.007904
0.007919
0.007904
0.008148
0.007935
0.007904
0.007919
0.008133
0.008148
0.007919
0.007904
0.008148
0.00798
0.007904
0.007965
0.007904
0.008041
0.008194
0.008148
0.007919
0.007904
0.007904
0.007919
0.008163
0.00798
0.007919
0.007919
